581
1057
464
522
1654
3577
550
3726
1393
225
5244
4558
365
3675
1101
4307
319
4388
4944
910
1708
5713
227
1020
5069
3722
2939
4838
2239
5285
5626
1032
5304
495
761
3493
982
4196
889
2111
5579
1410
2662
2299
2980
1260
734
998
1967
2329
5005
4307
3948
1761
482
4393
75
2866
5459
3764
5619
155
4099
1144
1962
2410
5782
4591
3712
1255
2888
4991
2705
2324
3469
4331
3603
3101
4203
1509
5834
2722
80
5657
3988
5780
3091
1417
5510
5296
1828
3080
749
1320
3548
4284
3653
1917
2177
3147
4233
1410
1487
2068
5613
5115
38
2916
2578
5667
3533
3074
2522
4794
5223
3505
3802
306
975
5970
3648
2328
5180
543
3920
1235
3904
638
951
3293
5706
270
2627
759
370
5748
4797
503
3383
3091
4359
3940
4217
761
4886
2416
2068
1925
2365
970
3595
293
5074
4185
2274
5051
4585
2503
5709
1213
2004
4330
3486
3656
3972
4079
3897
263
4368
1106
530
5302
4451
2028
4388
4890
1823
1085
645
4755
4662
2330
3403
5346
2170
1828
5484
2906
4668
339
4434
4875
1195
5738
4841
2472
3298
4895
246
2115
1662
4837
3142
3350
5927
2041
3933
5122
2629
5513
4180
3965
3305
1144
1867
4971
4290
3704
818
1068
5442
42
45
3115
4124
1319
421
911
5241
5952
5740
529
5238
125
841
1978
1374
175
4954
5722
2693
1273
2003
5550
4216
3474
3761
4741
5944
4340
2119
862
5137
1500
4796
31
4528
3413
5808
3667
2951
1571
4901
1786
253
4376
984
1206
4295
738
2640
1387
4694
3998
2039
2982
3129
2618
1669
3397
2870
3566
4141
5432
3114
1083
421
1846
4699
1660
2642
575
4375
4099
1713
700
1292
5951
1843
1725
3645
82
4435
4201
1590
2084
231
1235
2338
1595
293
1777
3380
4351
1607
5988
4150
4682
4739
769
5369
1239
2363
1225
5656
2557
5502
5384
1142
2030
5872
3212
2002
5809
3950
4293
1722
1884
337
464
4636
3091
2129
2666
4281
918
5687
4983
1008
165
3720
3470
5552
560
773
5382
3401
3526
4660
797
4879
995
714
2944
4764
1366
2515
4187
2892
2504
1039
675
3150
2538
1483
5912
1593
3087
1608
2441
4600
4874
4772
4577
651
3875
2765
4644
2061
3803
76
5849
4532
2500
392
4005
2373
1216
617
3093
435
4283
218
4227
5435
5087
2038
2404
5280
605
1258
3361
5366
17
5748
5707
5755
5751
2994
3970
2034
3611
5795
1958
560
4465
5237
4301
7
3339
3650
2266
3864
1073
3745
2105
4310
3963
1518
5242
782
4226
3805
249
2622
487
1396
4711
3020
3711
5153
4056
4123
1700
4731
2491
4032
3530
1440
2135
2150
2807
5976
1371
662
2408
4526
477
5045
1435
1015
5444
4775
4582
741
2295
250
4567
454
4290
2247
4209
1645
1903
5533
3092
4346
3502
2319
5044
4598
5014
5730
4158
1174
5536
2547
3351
513
5529
4457
1103
5463
2913
242
1146
2693
769
2945
3316
3856
3141
65
5548
5113
3561
1078
52
5142
2659
3226
1538
2286
4112
5147
5656
4080
3239
2861
189
1355
5149
494
898
1349
2407
1394
5632
5751
937
3018
5686
5630
907
2483
1579
5234
1635
2711
5083
818
2964
2929
396
52
4137
2288
5441
572
2692
4869
1905
5040
1083
5929
242
4472
1183
2683
5369
206
3687
1006
3003
5628
3425
467
1121
5518
267
2556
611
1801
1988
3574
3528
3228
4280
812
3534
5718
5973
3191
3334
2918
2362
520
3137
4544
5004
1646
1878
768
3736
1666
5021
1539
4012
1452
5572
707
2488
1263
2408
3192
2207
4650
2080
197
3599
1689
2261
3463
2769
3524
1255
1952
874
5110
606
3355
1927
2978
3980
1386
4940
4010
1388
5375
936
3531
285
574
3861
2516
5762
2364
313
3247
3970
5840
2548
4633
3914
1214
3492
2837
1866
4844
184
4993
3573
837
4348
967
4482
5655
211
5075
4260
229
1821
5887
2914
328
5126
3645
2584
2757
2470
2076
613
757
3327
3506
4598
4818
4611
3357
2079
5561
4502
3425
435
4431
1815
1433
786
3641
3114
873
1487
1958
543
2357
3694
2925
4561
497
288
2025
4458
1762
4851
2916
5600
732
1198
5638
5432
294
3173
977
5057
2945
4792
1243
2045
2784
1624
4572
4849
5263
2236
5683
1200
1140
1308
2191
3402
2281
4930
4601
729
5149
4789
388
3843
4615
909
3530
3958
1296
3690
1885
4596
1094
1878
4925
4180
3462
2867
2369
3568
1432
5652
4107
5279
3932
1405
4657
3331
3260
1617
5314
2697
5016
4745
322
1932
3464
4074
5757
129
4076
3465
5678
2791
5556
5803
3493
499
1885
466
5893
1114
3054
1870
147
5934
713
2108
1115
1508
1309
4811
1759
3449
1309
775
58
5781
55
5275
2903
5083
1185
3528
2414
5194
5034
1189
2522
5459
1572
5072
1619
4734
157
1109
5001
291
2043
1345
1381
4026
2913
4776
774
3231
1306
4861
2330
5254
679
4928
1773
1650
4064
2504
5544
3459
4198
1388
192
4491
5800
5195
4241
5321
4116
2014
2599
3150
700
1171
5419
5735
3776
3422
2086
1017
4301
4236
1267
2201
2948
4190
732
4019
1141
2733
1238
3408
5396
2608
2936
4972
2919
4745
4841
4074
3427
3095
5730
5782
2279
273
3348
4215
3369
1632
3729
228
5696
3184
5015
2310
1621
5003
3119
5642
286
3156
4898
695
2265
1498
4084
3862
1512
4010
873
4605
3918
5365
97
947
1963
4626
5888
549
1578
4811
5817
321
2619
4493
3276
206
908
3506
4662
3085
3272
5524
3280
1064
434
4273
2694
3662
5921
4851
1185
1800
2063
5256
3544
3611
692
2651
916
2914
5833
1154
2125
4582
449
608
5178
3632
4004
2718
573
5968
1663
2959
4189
4033
1089
1529
5511
1357
1774
4994
1075
2857
4952
1577
4234
4734
1676
5667
5151
2181
435
3069
3520
2870
2174
2395
1136
789
5811
1717
786
4003
1546
3683
5935
1768
2969
2933
3692
4080
3503
910
4316
3441
1361
3114
5238
5236
4844
4299
1987
2579
4432
5128
4910
2546
1621
37
1752
3117
5595
5625
5548
5636
4268
2373
5359
782
4754
4617
3166
4074
5203
1823
5032
3271
4242
2673
1903
4486
5164
4827
3618
2518
1781
5681
5705
4409
1708
5330
4003
3364
521
4213
4403
2498
2334
1224
142
2809
586
5985
533
1061
1805
1866
571
3417
4665
3679
4524
5628
5081
655
2403
2370
4614
3274
5444
1791
3097
1685
2564
5802
5564
4568
5312
5951
5925
3356
1814
3621
5170
379
1122
4969
2853
3009
1565
4701
3249
3846
4494
3564
4670
1484
4881
1645
2619
2749
3954
4860
4423
5758
2117
3962
5552
1178
4319
3309
5633
377
3290
3262
4851
3319
4141
2246
2937
1568
3599
3301
2505
2005
724
4439
1310
5459
1714
3416
1488
3205
1676
118
4828
3484
2039
4163
4666
2791
961
2051
5244
2810
1739
4790
1210
1392
5892
1416
4989
2322
1360
5419
5696
4853
1261
3187
206
4169
4815
3112
3767
1624
2001
952
228
3773
1671
5748
4437
5231
3806
4997
398
5715
4774
5543
2244
5809
1379
4866
1327
4248
5914
3664
1329
363
5034
4888
1779
3516
137
840
4953
2715
2555
2939
891
721
4135
172
5736
1292
3347
3806
1265
2360
1429
1814
4139
252
2335
3681
2139
2784
4656
5787
4282
4421
5975
5888
1925
1109
5299
2436
3918
782
2786
1523
5906
2565
4976
1519
836
3405
31
4439
839
1284
4976
2261
4793
1751
232
2201
2612
5425
4855
5675
5992
3474
352
4131
5466
4101
1487
5310
3973
2777
894
5906
5820
3663
646
1794
3202
2138
961
1235
3507
889
2522
5648
643
582
2791
2751
5548
2352
180
1394
3072
3233
1267
1568
3319
4518
5486
3107
1719
1400
896
1929
4244
588
947
1428
5473
3530
4785
2417
1628
2000
1005
4729
1364
2342
26
229
5656
4016
2428
3520
822
1920
3350
833
3137
2298
5582
3130
791
103
781
3270
711
3275
5347
5724
4266
2709
2370
3002
4043
3689
5933
1129
642
4596
493
1703
3360
2338
1098
3064
862
3068
3676
5268
914
2679
3784
440
4199
1484
319
1192
5266
4035
4426
1866
1645
1976
3816
3071
586
4186
865
3943
1121
4587
5212
5089
1616
3820
93
5270
4715
3361
3292
5771
2042
2053
395
623
4388
1378
3647
5121
398
3036
2676
2251
220
3721
5393
5169
2340
2419
5491
3974
4891
1907
2165
3061
102
1523
2930
656
1587
1689
1085
507
5635
1464
4442
1746
3234
5657
4206
2348
5809
3850
2601
4331
849
5861
588
3512
2433
2812
5954
1001
4646
1241
4864
720
4177
2170
2511
113
5647
4388
2284
5484
3031
5118
4193
113
5703
1883
228
4293
1814
2534
871
4207
5158
3982
5851
5935
1262
5507
3590
1614
5683
1799
5420
928
412
175
3531
4783
5341
5706
5468
4593
3579
4898
4466
4039
1284
1743
1814
2692
4367
1477
4848
3699
3509
2296
510
4303
4792
5051
4376
5519
5519
866
4311
2089
2547
5006
3952
613
2154
448
426
231
2081
2685
196
2997
5836
4730
4374
5514
5857
2697
5106
3934
788
3624
5354
138
420
2289
4516
469
3776
3583
3573
5684
3692
566
1627
5211
3142
2298
2063
1903
1327
200
632
3006
5179
1584
3213
941
1741
4111
1566
3932
1333
5503
3020
1722
5938
5497
5230
2912
2039
482
3077
715
2887
603
5931
3703
2710
4419
1156
4952
3402
2557
659
234
1299
892
5045
3538
848
5456
3705
1597
1601
930
239
5662
4282
5584
1604
5065
5211
3905
5435
5727
2072
1426
5204
3127
3758
2467
5551
735
3775
5792
4093
2070
110
2335
814
5337
2249
367
5922
5241
4363
4202
888
3309
695
5430
1968
4744
2259
220
5078
813
4277
2011
5645
3055
5863
425
1020
901
504
2
2884
5668
1916
3829
3098
5681
3235
4191
458
4149
3686
5574
5122
419
2250
1501
3353
4107
564
1927
4627
5082
5701
4104
1987
5293
3213
1050
3295
3032
5492
4964
3833
3166
4122
1776
4055
4687
5472
2658
1543
1443
988
2994
1708
4528
5862
320
3445
4787
5292
5509
5828
4396
1232
127
2721
4687
1473
4527
5968
5634
4663
5614
3589
2913
1348
4416
4946
2841
4639
3858
4871
3213
4927
2948
3616
5718
22
4744
3018
3429
4079
787
2490
1250
2015
3550
140
29
3286
892
4344
1485
3415
5910
4757
3699
5220
5306
5296
39
5928
5773
1690
1351
3608
1835
5414
3408
4554
5476
5644
3424
2771
4150
5017
3262
1437
5131
2233
3203
3596
4272
2504
2833
2335
4627
5079
1955
985
5822
897
5338
310
4500
75
530
2943
4391
718
4549
3918
5816
776
2822
3400
5346
1713
3722
1762
3532
4179
5145
697
5793
5956
2125
856
1697
583
4102
3892
464
763
4231
17
3650
1654
5466
3210
3989
1561
4532
4488
5009
2208
3605
4735
4767
5541
423
4659
5990
842
2746
3440
5279
2011
5036
2387
431
1396
702
3361
5511
2336
4297
4814
4438
5643
3634
4121
480
4579
3868
4718
3864
1000
3374
3601
5055
4270
5592
158
5812
5968
1287
5057
1902
4746
1355
5917
5320
4862
3317
1325
1789
4366
682
3557
1598
1989
1463
2788
474
4434
4109
2969
844
3333
2687
4531
5318
553
2310
4953
1910
128
4121
1630
2597
4511
251
4397
2391
4960
4392
603
5872
1163
4954
3011
3778
913
5777
5359
1198
4493
2736
2701
4767
3912
624
185
3496
441
3152
1924
2794
5941
5279
1591
263
2552
1465
878
466
3837
2653
2348
3634
1502
1165
2220
3385
1878
4716
420
3279
1155
2499
3057
5210
3226
1535
1400
2875
4783
2973
5537
4260
4660
4575
4561
1137
2124
677
585
4213
4188
1869
117
1172
4802
1652
2802
2047
5369
2324
4239
854
5305
508
2820
2590
40
384
2258
2906
483
5056
4178
4491
3157
4749
5657
4897
1319
591
2074
3992
5460
2171
5199
457
5404
1332
1673
481
1251
1506
2331
3204
174
4470
5184
1314
3850
2293
2112
5562
3988
1401
3146
1892
1536
3681
3572
4756
196
4188
5278
5088
2530
3524
4459
5511
1044
3836
5990
2154
4479
3226
3512
1964
995
990
1077
3904
1757
3804
3538
2135
602
457
1681
2080
5523
5659
1459
4880
243
4864
4876
527
2808
3438
3459
1279
236
136
4100
1942
38
4562
5673
126
141
5877
2974
4245
259
2384
4428
5973
5116
2921
529
1256
824
908
3116
863
3123
5842
3448
5083
1823
119
1211
4182
3406
969
339
2790
1226
2462
5728
2094
4218
5599
656
19
4527
593
3633
2524
379
1444
1203
4652
3285
4630
3216
5370
3236
5137
425
3997
1589
179
3519
1427
4815
3857
3585
5929
2707
3731
1400
1052
1847
4659
4581
2087
3826
2383
4574
2346
3348
3059
4033
1323
5137
4803
4883
3552
751
285
4644
1370
1020
1466
2217
2322
926
2312
1695
1568
2463
921
1275
628
1917
904
187
5631
3357
5144
653
328
4613
690
2680
3466
833
4566
1571
744
3895
3870
4630
514
261
1199
5643
4570
493
2932
3671
4048
3970
420
1451
4591
2651
3686
5689
5295
4825
1961
3572
4354
5248
2703
3682
2543
193
592
4758
2439
4977
2919
673
1108
1074
5962
4372
3171
840
2745
1168
3583
1341
4682
5786
4331
2793
338
2384
4767
1260
502
2998
4050
3367
5169
3167
3359
4983
2443
575
449
4799
5696
3703
905
4927
4978
3466
803
5407
2947
1952
4370
1309
3035
4206
2318
5764
5545
3598
4451
3298
1520
543
2958
4096
4642
4161
1024
147
4021
1386
1857
105
30
1020
108
501
2775
3943
4382
863
4452
252
1625
4948
5073
3973
4366
5111
1145
1856
873
3629
1045
2839
4940
3219
5187
5000
537
3745
3999
5223
3549
2621
2174
5188
3209
5497
199
1372
2230
2733
4891
4575
2546
2855
5189
5658
2161
3126
4587
3428
1961
4386
2054
3966
5225
879
5941
4092
4981
5793
5594
2009
5300
4914
1839
1772
4543
5829
4024
5660
1027
4535
5237
234
4687
5682
509
2946
1016
4123
5105
2791
1399
2974
2161
3757
1843
3553
576
993
3679
955
248
4975
3176
4205
3178
1323
2172
1342
575
317
4765
2654
1011
2445
141
398
415
4994
3211
1919
1708
4351
1964
5163
1501
4251
5256
3096
3240
674
3143
3151
1199
4834
1662
4645
2320
1253
2006
2611
986
3782
4271
3136
2553
3654
1246
4116
3219
1106
612
3315
5986
5869
5177
3080
3427
1924
1454
834
3961
3321
2850
5805
918
5552
3672
5067
1537
728
2324
3912
988
4241
1750
3633
3123
166
1176
2309
3960
5267
4553
2208
5275
2750
1190
4784
1902
2693
246
236
46
599
756
2003
1869
4553
5554
980
770
3938
675
2476
1006
73
427
2864
1602
5744
3288
2485
5441
4954
3384
2627
3247
1520
1996
3233
1486
3240
5813
5904
3261
5145
4491
5380
2453
2638
2182
3941
177
3632
824
1057
5495
1956
3583
5530
1680
5100
4070
2937
1527
4801
885
2692
3728
3694
2979
5918
5934
5445
2136
746
1664
576
5564
4915
802
4034
3265
1361
2412
2997
1800
2832
5655
4126
2979
2661
1071
724
5983
2668
2849
220
3338
1743
1863
994
3343
2077
2069
5656
4325
2380
4261
3987
3719
295
2491
2894
3309
343
345
2008
3164
4048
1628
2622
3730
5432
4050
3567
117
5403
1927
553
594
5296
4365
1431
4983
5484
1087
5774
817
2110
3385
1051
1299
4481
2841
2395
87
889
1749
404
4920
3262
5315
385
5422
4098
172
4265
4861
51
271
3270
1677
3144
3633
1009
2474
4250
5996
4246
512
3
2464
1299
1620
3798
478
3815
2984
1614
2567
5773
4297
2304
1716
2024
1676
2177
5232
2109
2169
3389
447
4299
716
1662
3378
1943
3978
3010
3129
5990
3304
2493
5299
159
3555
4476
4985
3460
4
4254
4844
910
2920
1402
2603
1652
165
874
1089
2669
341
857
5673
5832
4290
2387
5664
1825
5070
994
3713
2313
4738
2982
5818
4094
4741
4210
2566
3032
4996
966
2632
2856
5074
1726
501
3248
43
4308
3939
5794
4341
5626
3535
3399
501
2934
165
3905
4412
5262
3366
3468
167
753
4406
1516
3470
2964
5880
2645
1370
929
3423
3527
5470
2391
5715
2482
3923
1914
1891
5635
1118
2674
5762
2975
2367
3960
760
1274
5317
891
434
1790
299
4592
1552
5493
5230
1310
4048
1833
3833
5936
2993
5133
1100
2766
2156
3328
2230
2397
5931
4684
944
3516
2538
3475
5802
5949
5553
212
5138
2989
1216
3491
2193
2110
2352
5166
2021
2897
1821
2354
3272
4095
5236
4078
1941
2898
4276
932
5919
2895
915
912
1095
341
1981
3476
3713
4714
3868
5284
1149
1942
1139
2131
4970
4090
258
2141
3894
4579
5498
5980
657
3600
5829
5900
1498
1782
5412
5315
4282
5634
988
867
375
3186
4879
2957
4523
5702
412
5167
3140
2472
771
2214
964
2157
4604
4516
4250
2733
4960
1216
113
3032
2808
2072
1278
651
3475
2967
108
3254
2631
4560
3268
1720
356
3183
3593
3628
4771
2547
4510
1770
1692
3344
2326
2089
2841
5373
63
1548
31
5128
2311
1153
3909
4061
5178
5235
3038
4294
194
5681
4561
5195
681
2668
3440
848
959
853
5770
1689
5591
1500
1932
3515
4160
316
3495
4465
1835
897
4127
3692
3174
2883
4420
300
2088
4518
2350
5095
5772
3119
782
531
2107
4404
2499
5247
4819
3556
1819
3049
2817
4099
4496
4875
4362
3167
306
5202
254
4787
5897
3410
635
1752
228
2082
5937
605
4311
117
5888
2772
3654
4424
366
382
4557
2451
711
5074
4631
1409
2235
2154
2943
5555
419
3976
2248
2635
1677
2062
3911
5240
5006
3815
1765
5837
2772
1543
1502
859
4237
3220
2309
5770
2724
4437
211
286
3380
814
5848
4456
1828
4568
1303
1246
3771
5650
1681
1046
4233
4000
5797
4811
2093
618
1185
4731
340
3671
1365
985
2697
697
1408
1557
565
2260
2748
616
5625
720
1764
3276
389
238
2206
2695
2117
4626
4424
3751
2773
3983
2373
98
5127
588
254
5400
1976
3920
4762
1877
3105
878
4570
4706
466
4920
5131
1645
568
2925
5445
4966
1347
2725
3391
4701
5845
976
5367
671
5141
973
2167
2415
3503
743
2137
134
5060
3130
64
635
2764
2002
822
1242
2005
1431
5100
4446
5446
805
3832
1700
3823
3535
2495
846
1564
1206
2693
4542
3509
2162
2730
4268
1080
2865
2192
5293
5250
5934
1815
3075
1543
4686
1214
2988
5817
244
1584
3368
5836
2446
194
2318
2324
5291
1946
147
1413
883
143
1192
2443
2451
1712
1063
275
3245
2253
3203
1393
5179
4331
576
3768
2221
5884
5841
4266
619
576
825
2905
2419
4266
5687
2810
5543
2535
1554
3965
1763
5415
2364
2994
1911
2224
182
1681
5911
5383
4579
3733
5140
5796
2243
1992
1519
2194
959
3166
4686
5684
3029
2486
5734
3646
4386
5631
798
3178
3320
2646
2281
2713
3656
399
1192
4257
992
206
5183
396
874
4261
1699
3190
4785
4872
189
4444
4741
5161
3173
5690
3166
2011
1929
4437
4485
898
4952
746
594
5999
4883
255
3136
1697
341
32
4997
1866
4738
5681
4730
1369
2391
1283
371
4417
5717
721
2774
4571
1359
3217
5918
1224
5173
4622
5499
4761
5331
3910
1410
353
761
5646
940
1467
276
5864
269
3359
1282
4656
1977
4199
2075
3646
62
4716
1262
2835
5601
1278
623
1681
3896
4089
3995
1073
1490
559
4504
1534
633
3091
347
5502
1090
83
4198
1625
5378
5960
5216
5099
5919
5744
5214
5407
4198
2745
4481
1055
4526
2457
4042
2795
1241
3604
2462
993
3351
1636
1858
912
1962
5277
4492
2102
1556
5571
3166
2836
4819
5890
158
5523
5574
2422
2964
1360
2201
3212
2953
4411
1945
5618
4977
2265
1952
5986
2076
2051
58
5883
3141
88
4369
4876
4597
980
3183
4764
2833
1828
289
3832
5601
5781
1789
231
5735
4356
2543
737
2206
320
2756
298
4271
2254
5868
3617
5271
2820
5127
1557
5938
782
2019
5359
3109
5718
5152
557
1595
5410
2488
525
5325
1293
340
963
2059
2870
3132
4004
5693
5555
5944
980
611
3459
3896
2814
701
1871
3235
555
3966
3135
1248
4673
492
4061
2184
3517
2477
5446
1190
2227
2058
2654
3361
2308
1449
4115
2979
600
4823
2972
4434
4840
5612
1883
4944
3794
2705
2071
5386
4597
3998
4578
3227
2171
2900
2307
148
3042
2045
4428
4412
4977
5267
4078
261
1159
5622
3022
3962
5327
4620
2259
610
134
3890
4314
5572
1388
2781
4210
2432
5282
4247
2930
3038
5477
4844
2642
1126
1393
5958
2464
2434
2604
5253
608
3027
1189
1241
2790
5897
5
300
4358
1871
4526
2435
281
2182
2132
1983
1411
1884
2944
4433
4386
598
4339
1204
3155
1872
4169
3141
2102
435
2628
5746
4619
5591
5502
5550
4551
4052
5259
5172
3608
785
4436
2031
3999
1527
2483
4694
4110
2290
3199
1190
1236
4491
4329
4893
2404
4093
3837
2781
4072
758
5643
5474
4676
4707
5157
2762
2046
3360
3543
5204
3420
1928
5609
1456
5563
1313
1294
1945
231
3359
5365
4106
4783
3096
4048
1088
979
2691
753
5272
4036
4554
618
3178
5220
5067
5367
597
2074
1197
5540
2405
1216
3172
2539
1213
4383
174
1628
2900
4961
3831
3936
544
792
499
5543
4642
5888
2445
1765
475
4747
1772
2472
1413
2150
3314
3929
2756
5943
1565
634
3325
5193
5220
378
2718
1155
5272
4996
2595
2188
3330
4881
1827
3438
1337
1726
321
2952
3902
3238
4718
2310
4975
774
4256
3982
5392
5475
800
5878
3132
5507
333
1188
1146
1302
5640
3772
5534
973
5974
1869
4213
1617
1178
1799
4212
5060
2235
4721
2668
711
1608
4445
2776
5723
3132
4027
3023
666
998
5919
3904
1846
883
440
286
2001
318
1955
3502
3837
3914
2695
4246
5886
5567
3729
3958
3557
2102
4272
1167
679
2152
1251
5778
1780
4673
4353
4651
5886
4188
4899
2891
4713
3533
5196
3660
2453
933
901
2392
5387
3456
155
5540
75
80
2227
4843
4725
1083
4666
6
1029
945
5085
5111
4113
4694
4209
2392
1270
3927
195
726
5011
4580
4162
4100
921
1110
3091
1112
2524
745
5524
3090
2793
5020
3283
1490
977
3110
2050
3577
2896
5100
5272
5946
5984
3266
5272
5143
3383
1658
780
708
393
2194
603
1898
1343
1514
1179
5398
4101
523
5552
2442
3803
2818
5116
2332
590
4873
157
2303
1423
1294
4325
1063
5887
1568
1142
4938
1137
2550
5923
3220
3464
1794
4313
2127
3767
1826
3391
5795
4159
2547
5836
2371
2378
5060
1298
4989
2237
3278
3627
2372
2757
4712
1977
4169
2625
5094
4313
2420
1605
4078
2641
1276
805
899
2548
1652
5219
201
2132
3512
4180
232
5497
3993
5004
3288
5790
4305
5764
1916
2620
1272
3947
5601
3871
2427
4116
3597
3723
5082
2130
1215
347
5732
1384
4977
89
5961
2838
2704
289
79
3821
4039
5922
3400
3953
1743
1959
345
3343
5397
4099
2078
3748
890
3874
2766
1765
3971
2915
1368
910
4365
2028
2075
1998
4278
3385
2525
1848
2198
2208
425
2587
1885
158
3721
254
788
2623
5637
4251
862
854
980
4453
1128
4171
2579
2069
2275
1519
5774
1865
207
1539
5237
1493
247
2879
230
617
1821
1337
4069
2827
2982
1619
3759
5624
3824
2553
1835
4259
5459
784
1328
3020
1746
5167
3750
1750
990
2287
271
5072
513
3098
1837
1960
3058
4910
333
5322
3963
4355
2962
1967
677
3576
2931
3698
5542
3427
4498
4144
1191
2740
1893
3561
3789
2561
878
643
2814
4630
3787
5640
776
1248
3911
34
5175
4781
1087
1833
3929
407
1932
4166
3099
4849
3937
4477
4451
5880
762
2585
2047
5634
4093
3321
313
436
2526
3642
2563
1803
1260
5622
570
2272
4536
2866
2691
3581
4065
2012
5184
3482
4677
2054
2392
3262
4251
1290
925
2957
197
1338
279
4149
301
498
5738
324
4568
599
1277
5556
4704
1082
2710
3442
4118
4376
4153
4262
4
5018
5427
4698
662
4842
5474
577
4358
5403
4919
4366
951
541
153
2993
3106
4291
2527
5034
5498
3076
766
5430
1535
1879
1345
2886
3613
2447
367
4908
2051
5863
2091
4711
3957
3013
5646
4320
2097
2772
3906
3869
3534
66
1474
2318
56
2397
3117
3269
430
3723
1445
448
1165
2349
2239
599
1112
4760
5655
3852
1738
2358
4901
5649
4802
4036
789
1215
1076
3042
3407
3058
5764
5343
2193
2364
1517
5315
5968
3504
2925
5465
2965
4795
1577
2190
888
2505
4822
2535
4158
4875
2822
5991
3841
2556
1029
5032
2815
810
5512
4810
3399
2813
4021
86
5604
755
1133
2848
909
3158
2107
1383
3998
3616
5469
5374
450
4216
424
3810
2807
226
3272
574
2475
1766
3261
1222
4895
721
5951
761
5681
2048
602
1967
1034
1758
5957
2387
5882
2674
3385
1827
3272
3782
5864
62
1852
5530
3771
5348
4918
2605
5217
34
249
3561
4068
2151
5628
1858
2075
2494
5214
3975
4027
2822
3239
3240
2149
4241
3733
3761
131
3338
1016
2843
610
3514
12
3278
3342
948
5371
5693
2158
2107
5578
634
4049
1760
3635
4380
5088
139
4222
2687
2827
3430
2867
1283
1657
1231
3951
5681
4312
4834
1502
780
1351
3363
1739
197
203
4036
2066
3257
2117
1095
3703
5327
4472
2170
505
4554
4517
4591
5148
3200
395
3434
5326
3473
1914
1092
5892
2825
5044
649
1196
869
1346
307
514
4718
1273
3750
156
5639
4551
2125
3675
810
713
3000
4749
1858
1394
332
1148
1700
3650
1468
1344
4029
4953
4562
241
4102
4254
1717
651
5162
5955
4930
2202
731
4518
5594
4458
5901
3536
5009
3693
4147
2793
547
2427
831
3124
5894
4900
5806
3073
1631
680
3020
4869
888
359
5664
1994
5614
5278
3008
281
2824
433
4562
4609
5930
1290
2256
2133
1186
2969
3282
2309
4356
586
3155
2350
2089
2982
3307
615
292
3752
718
1589
1302
5124
3703
3754
5168
3154
5359
5619
2948
1254
2898
5330
1923
659
29
1822
3926
3072
1618
247
5165
5401
1996
2141
2976
907
5755
5123
2136
2952
2681
186
2592
5745
76
2578
2504
136
1006
1300
2387
2629
4128
2926
5042
2886
5957
1088
1868
4312
5749
5243
329
2001
5125
4606
5798
1437
2067
1198
2120
2120
4809
1180
4907
5841
4312
280
2308
3054
1422
4261
517
476
1284
2079
242
3705
3154
101
1316
4581
1001
5977
4560
2115
2507
4423
4614
3899
3873
2097
847
1209
5782
51
3771
2868
3742
811
1958
5618
1644
3236
4026
4897
2057
2631
306
1826
346
2261
5537
5763
3331
4950
4378
4050
3078
431
3006
68
1731
5544
5830
533
906
3354
4978
4879
5079
663
130
3994
2502
760
2488
4663
3301
616
4423
2924
4155
3492
2227
1026
5213
4591
4700
3184
4130
4674
3214
5202
1766
5076
4907
2453
1016
2231
5517
5957
3794
3934
660
2495
2986
5659
1214
2232
673
3388
1672
792
2153
4112
3351
1265
2649
3562
5234
2095
53
2506
3530
2681
2936
3187
1562
2481
5099
958
3005
4042
1382
2090
2834
1313
734
1747
1127
3372
3276
2647
4334
5044
1519
1479
446
4930
5049
4513
4610
4677
4772
5825
1791
4891
650
793
700
4049
3821
248
4999
2830
1813
1649
108
1224
5625
5581
5564
4876
4347
2819
4410
1741
3609
2987
2979
2323
2250
2912
3838
3573
4181
144
2244
4624
2585
1502
5125
5585
2820
5031
4304
4061
1118
2729
3583
945
3237
4209
498
635
1186
5528
3401
1487
472
1461
459
3611
277
5485
1125
3692
4262
4984
3373
4814
3070
3085
2616
223
1023
574
3711
3407
4641
4007
2719
3661
5783
1589
4709
4307
1060
5683
3229
1469
49
832
2347
5990
2398
2372
3100
5661
327
1019
5255
992
4212
5175
5742
5269
1025
2154
4435
815
5402
1937
1397
2969
3053
3955
3873
3825
3215
5261
5698
866
3006
2264
5397
4675
423
5375
5128
4214
342
1029
1893
559
665
1730
4545
2823
1919
5512
1267
5561
2081
1113
771
4652
5448
3383
2695
35
5860
1676
5305
4809
5734
4543
3147
1852
3796
2383
541
5835
5681
726
884
2400
5396
5130
5837
3658
261
4049
1849
2245
1467
1760
5069
2516
2979
2646
3492
5800
446
5050
552
2838
4899
2881
4793
1414
2265
2706
5458
2396
427
436
5979
2753
460
3429
5536
4601
517
1169
817
530
1440
5360
2955
4495
787
5260
3998
1513
3948
1041
3675
2397
4011
492
1444
626
422
5173
4370
1770
3458
4791
5715
1755
5701
5736
2327
3459
2341
1375
5898
364
2711
2271
2687
717
1946
5742
4994
946
98
346
5640
3227
489
5353
4330
1266
4492
4264
2709
4070
1416
1516
1857
3099
3068
1038
3883
223
3696
1340
5942
1523
946
4656
865
5078
5807
1199
909
5917
4321
1105
4185
452
2257
5514
3093
438
90
4882
3852
17
3026
3874
3058
245
2546
1671
886
2444
2
5501
1161
1366
5061
3300
3014
1629
231
516
5265
3277
2075
5865
703
1871
5960
745
1199
5020
5810
4230
5253
3096
1306
2875
619
2040
3089
2652
1840
973
3632
5757
1449
5494
4277
2921
4058
797
3498
1428
5928
4459
5638
5107
743
2275
5425
2597
5755
1824
2833
3869
361
2515
3185
3530
3048
1224
5024
407
1962
4210
720
2496
717
4795
2693
4514
4018
4895
1123
3167
1147
2961
3312
5133
3062
936
890
3588
1637
424
1386
1050
5379
5224
3512
451
749
3255
3682
2491
91
5246
1230
1502
4285
13
474
3578
3900
4408
184
4419
1806
308
4245
5114
1159
5677
2944
1723
1769
2382
3153
3966
4376
5791
2009
2814
3085
1769
2094
756
1999
3770
5009
1142
5478
4456
4231
1321
492
4800
693
995
4978
4377
5316
2462
4170
1799
2176
2641
425
2854
2797
101
4317
2075
5622
3938
3211
5772
4921
4573
4901
4599
3278
3799
4881
4613
2109
3588
898
5961
785
3255
5683
2345
4452
2851
2810
1588
4323
2773
4124
5489
5960
584
4746
2755
5049
1270
3870
4871
753
1759
2860
911
1891
4810
945
2022
3219
1000
826
734
5294
1595
2176
3283
2059
4489
5104
4383
237
1575
60
1748
565
2212
1127
1420
1238
3344
71
1536
754
4826
5407
4849
5332
5205
3853
379
1533
583
620
4169
3847
1690
4374
2387
4894
5876
4853
5368
17
3092
903
4618
2133
1525
3470
1503
5827
4261
4266
1218
450
4128
2505
3378
5772
2604
59
5945
1442
441
1158
2524
5258
1273
3994
5364
5338
3663
5664
5246
2858
1543
905
4233
61
4392
5325
347
1793
284
4456
3054
4284
5689
1305
1151
4012
118
4777
3330
3777
3364
109
4674
3524
4518
1955
4521
4855
4970
5485
1032
5561
4036
3992
21
5564
3931
3353
4606
4822
5192
5346
5679
5389
3594
5904
3107
5324
3054
871
5710
2064
2223
3431
1698
1620
3896
4981
321
3425
5435
2431
885
4307
5205
652
827
383
1142
4785
5192
4428
605
3046
276
4578
5012
5717
4625
2806
3271
1522
2427
2146
1589
1579
4663
1822
5291
74
5069
1928
420
4019
1110
4324
3492
3043
5162
3156
1656
2741
3365
3276
4813
5152
4524
2626
3837
1231
800
5476
3791
4654
4685
4874
3305
1234
5195
1591
135
2672
2213
3957
5842
946
3176
3329
5477
4393
404
307
2857
422
4740
5168
2401
4476
662
5889
209
2904
2298
4953
894
2297
2017
422
1308
3132
5505
3050
2571
5615
3938
2119
4554
5769
1537
3514
5526
4311
3567
5502
3443
851
952
1451
203
1912
4047
2800
5890
3759
384
199
1828
2780
2589
4904
1525
4582
1396
1815
126
1988
2882
5624
3598
3321
1444
249
2758
3468
5673
5289
5956
4003
1878
5628
1548
5307
5421
3491
2150
4894
671
1678
4940
667
3187
4829
283
4487
5783
3252
4683
2310
2530
891
4471
4583
1367
4816
4
1318
3293
2412
1867
4996
1668
2133
2463
5874
2971
2881
4482
715
4861
1982
4405
5147
4519
1517
5588
4063
305
3590
2999
472
4873
5380
5399
3334
3569
2684
5220
3762
3174
3491
4582
1661
4555
4637
1028
231
1276
3159
2275
1182
5310
1086
2799
266
651
1962
310
3838
3567
2456
4649
28
1249
3807
1172
4768
3503
293
5534
2952
632
2962
4694
3334
2106
3370
1332
3615
4398
882
3691
3845
3301
3316
2127
1110
539
3410
3846
3552
1836
1296
4069
1217
2169
1471
4301
1270
3854
2021
4105
3567
2144
1994
5052
2691
2468
2130
688
3330
1767
164
4284
1648
4734
353
189
1804
2975
461
4350
171
5901
3230
5802
1409
4372
434
5415
4244
4400
1873
5363
5951
2146
2556
4402
3147
3098
2770
5158
4923
3874
3282
1633
3548
2228
4803
4805
4404
2857
3962
383
1565
129
5519
2460
393
1889
5482
3651
2051
1585
5701
5699
5939
710
1849
4623
4152
1299
3957
1551
491
1352
5291
3932
1540
2789
5150
5236
1515
3469
1760
974
1095
2660
5972
677
60
3306
2483
5939
886
673
1501
1551
3958
1385
4073
3587
1176
5160
5448
5622
1978
4460
3400
2179
3783
316
1062
609
3055
4704
4046
396
5016
5215
2564
2964
212
2936
616
105
4653
3957
608
531
567
1139
3462
5718
1232
2041
3919
1011
2625
4484
1026
3742
4056
1636
5407
1978
2830
1908
5758
1675
5288
4334
3570
4328
3626
2729
2524
3511
1309
2303
5999
2237
5359
841
5158
1243
4604
5567
4712
657
1407
4500
1619
223
2476
3857
5822
581
2970
5828
1545
3652
834
5761
4126
1708
3783
5903
4865
5389
4320
2691
3971
2538
3537
2990
190
2508
4082
4414
1903
2023
489
3878
2707
5470
1933
1444
1190
2184
2153
4847
2554
4380
2837
5008
839
2881
2853
3715
1056
3545
1392
5335
3574
5503
5959
4238
745
5496
3386
2305
1889
894
5100
5495
5140
1975
3718
4244
2725
2106
4757
638
4813
3937
58
3702
5543
5387
4914
1126
81
2625
524
3262
2800
4607
2299
418
1050
14
3617
2635
2888
3688
5016
169
2607
3558
4690
447
1972
5641
5365
1620
2154
870
5878
5984
5804
4599
1574
5581
33
1593
1560
3382
5057
4960
1807
5038
4539
2161
582
206
4708
321
1226
2706
3247
1798
1956
5364
27
4929
3216
3578
4471
1560
3509
5633
3197
5374
2602
4214
3130
1500
1694
2732
2219
3578
4492
2177
2996
4707
3694
506
2186
3187
4245
4281
3645
292
994
1093
1917
4794
4531
233
2748
4702
4094
5027
117
3530
2839
3045
5377
4037
5569
2500
1888
2213
1254
3294
279
1748
2788
2568
2840
648
2827
1128
2324
824
1589
5165
4565
2239
113
5133
4283
4985
5668
1224
2878
5903
3411
2424
367
5841
4731
1287
761
1408
1228
4355
943
5287
2575
336
665
5974
2150
5389
5626
136
2788
2169
1522
3946
47
5596
3814
3301
5384
1062
441
2439
4547
100
1814
177
1034
5851
5101
4125
5143
4503
2595
2867
4884
2016
304
5878
4804
2502
4270
5554
5631
3626
3584
3306
3136
5087
4187
2015
4137
2055
3422
2776
1347
137
1872
3686
3423
3529
1018
1161
1178
2458
437
4960
1602
536